,Ordem de prod,Dia Contado,Dias de Duração,Dia Normalizado
0,192970,1,9,0.1111111111111111
1,192970,2,9,0.2222222222222222
2,192970,3,9,0.3333333333333333
3,192970,4,9,0.4444444444444444
4,192970,5,9,0.5555555555555556
5,192970,6,9,0.6666666666666666
6,192970,7,9,0.7777777777777778
7,192970,8,9,0.8888888888888888
8,192970,9,9,1.0
9,193112,1,3,0.3333333333333333
10,193112,2,3,0.6666666666666666
11,193112,3,3,1.0
12,193164,1,12,0.08333333333333333
13,193164,2,12,0.16666666666666666
14,193164,3,12,0.25
15,193164,4,12,0.3333333333333333
16,193164,5,12,0.4166666666666667
17,193164,6,12,0.5
18,193164,7,12,0.5833333333333334
19,193164,8,12,0.6666666666666666
20,193164,9,12,0.75
21,193164,10,12,0.8333333333333334
22,193164,11,12,0.9166666666666666
23,193164,12,12,1.0
24,193206,1,4,0.25
25,193206,2,4,0.5
26,193206,3,4,0.75
27,193206,4,4,1.0
28,193207,1,10,0.1
29,193207,2,10,0.2
30,193207,3,10,0.3
31,193207,4,10,0.4
32,193207,5,10,0.5
33,193207,6,10,0.6
34,193207,7,10,0.7
35,193207,8,10,0.8
36,193207,9,10,0.9
37,193207,10,10,1.0
38,193208,1,2,0.5
39,193208,2,2,1.0
40,193209,1,7,0.14285714285714285
41,193209,2,7,0.2857142857142857
42,193209,3,7,0.42857142857142855
43,193209,4,7,0.5714285714285714
44,193209,5,7,0.7142857142857143
45,193209,6,7,0.8571428571428571
46,193209,7,7,1.0
47,193342,1,20,0.05
48,193342,2,20,0.1
49,193342,3,20,0.15
50,193342,4,20,0.2
51,193342,5,20,0.25
52,193342,6,20,0.3
53,193342,7,20,0.35
54,193342,8,20,0.4
55,193342,9,20,0.45
56,193342,10,20,0.5
57,193342,11,20,0.55
58,193342,12,20,0.6
59,193342,13,20,0.65
60,193342,14,20,0.7
61,193342,15,20,0.75
62,193342,16,20,0.8
63,193342,17,20,0.85
64,193342,18,20,0.9
65,193342,19,20,0.95
66,193342,20,20,1.0
67,193368,1,7,0.14285714285714285
68,193368,2,7,0.2857142857142857
69,193368,3,7,0.42857142857142855
70,193368,4,7,0.5714285714285714
71,193368,5,7,0.7142857142857143
72,193368,6,7,0.8571428571428571
73,193368,7,7,1.0
74,193459,1,3,0.3333333333333333
75,193459,2,3,0.6666666666666666
76,193459,3,3,1.0
77,193462,1,5,0.2
78,193462,2,5,0.4
79,193462,3,5,0.6
80,193462,4,5,0.8
81,193462,5,5,1.0
82,193463,1,8,0.125
83,193463,2,8,0.25
84,193463,3,8,0.375
85,193463,4,8,0.5
86,193463,5,8,0.625
87,193463,6,8,0.75
88,193463,7,8,0.875
89,193463,8,8,1.0
90,193533,1,8,0.125
91,193533,2,8,0.25
92,193533,3,8,0.375
93,193533,4,8,0.5
94,193533,5,8,0.625
95,193533,6,8,0.75
96,193533,7,8,0.875
97,193533,8,8,1.0
98,193535,1,3,0.3333333333333333
99,193535,2,3,0.6666666666666666
100,193535,3,3,1.0
101,193537,1,3,0.3333333333333333
102,193537,2,3,0.6666666666666666
103,193537,3,3,1.0
104,193594,1,7,0.14285714285714285
105,193594,2,7,0.2857142857142857
106,193594,3,7,0.42857142857142855
107,193594,4,7,0.5714285714285714
108,193594,5,7,0.7142857142857143
109,193594,6,7,0.8571428571428571
110,193594,7,7,1.0
111,193619,1,5,0.2
112,193619,2,5,0.4
113,193619,3,5,0.6
114,193619,4,5,0.8
115,193619,5,5,1.0
116,193671,1,4,0.25
117,193671,2,4,0.5
118,193671,3,4,0.75
119,193671,4,4,1.0
120,193686,1,3,0.3333333333333333
121,193686,2,3,0.6666666666666666
122,193686,3,3,1.0
123,193688,1,3,0.3333333333333333
124,193688,2,3,0.6666666666666666
125,193688,3,3,1.0
126,193689,1,3,0.3333333333333333
127,193689,2,3,0.6666666666666666
128,193689,3,3,1.0
129,193692,1,3,0.3333333333333333
130,193692,2,3,0.6666666666666666
131,193692,3,3,1.0
132,193694,1,5,0.2
133,193694,2,5,0.4
134,193694,3,5,0.6
135,193694,4,5,0.8
136,193694,5,5,1.0
137,193782,1,11,0.09090909090909091
138,193782,2,11,0.18181818181818182
139,193782,3,11,0.2727272727272727
140,193782,4,11,0.36363636363636365
141,193782,5,11,0.45454545454545453
142,193782,6,11,0.5454545454545454
143,193782,7,11,0.6363636363636364
144,193782,8,11,0.7272727272727273
145,193782,9,11,0.8181818181818182
146,193782,10,11,0.9090909090909091
147,193782,11,11,1.0
148,193783,1,3,0.3333333333333333
149,193783,2,3,0.6666666666666666
150,193783,3,3,1.0
151,193784,1,11,0.09090909090909091
152,193784,2,11,0.18181818181818182
153,193784,3,11,0.2727272727272727
154,193784,4,11,0.36363636363636365
155,193784,5,11,0.45454545454545453
156,193784,6,11,0.5454545454545454
157,193784,7,11,0.6363636363636364
158,193784,8,11,0.7272727272727273
159,193784,9,11,0.8181818181818182
160,193784,10,11,0.9090909090909091
161,193784,11,11,1.0
162,193852,1,5,0.2
163,193852,2,5,0.4
164,193852,3,5,0.6
165,193852,4,5,0.8
166,193852,5,5,1.0
167,193882,1,8,0.125
168,193882,2,8,0.25
169,193882,3,8,0.375
170,193882,4,8,0.5
171,193882,5,8,0.625
172,193882,6,8,0.75
173,193882,7,8,0.875
174,193882,8,8,1.0
175,193937,1,3,0.3333333333333333
176,193937,2,3,0.6666666666666666
177,193937,3,3,1.0
178,193972,1,2,0.5
179,193972,2,2,1.0
180,193973,1,4,0.25
181,193973,2,4,0.5
182,193973,3,4,0.75
183,193973,4,4,1.0
184,194029,1,4,0.25
185,194029,2,4,0.5
186,194029,3,4,0.75
187,194029,4,4,1.0
188,194057,1,3,0.3333333333333333
189,194057,2,3,0.6666666666666666
190,194057,3,3,1.0
191,194113,1,3,0.3333333333333333
192,194113,2,3,0.6666666666666666
193,194113,3,3,1.0
194,194121,1,6,0.16666666666666666
195,194121,2,6,0.3333333333333333
196,194121,3,6,0.5
197,194121,4,6,0.6666666666666666
198,194121,5,6,0.8333333333333334
199,194121,6,6,1.0
